Comra  (472,2453)  (396,2430)  (548,2398)  (548,2474)  (624,2402)  (624,2478)
Odesa  (3351,2517)  (3427,2458)  (3427,2534)  (3497,2381)  (3537,2305)
15 Sea Zone  (1819,3285)  (1874,3361)  (1813,3209)  (1895,3283)  (1798,2962)
Akula  (3163,3582)  (3087,3542)  (3238,3658)  (3178,3506)  (3239,3582)
Icewall  (724,913)  (729,989)  (779,837)  (800,913)  (855,782)
Nykitt  (1277,1815)  (1201,1830)  (1352,1891)  (1296,1739)  (1353,1815)  (1276,1906)  (1372,1720)  (1429,1796)  (1315,1982)  (1448,1707)  (1239,1991)
Rysta  (1449,3824)  (1482,3900)  (1406,3900)  (1525,3753)  (1601,3728)
Onan  (1677,3392)  (1740,3468)  (1674,3316)  (1816,3530)  (1695,3240)
Elkwit  (3502,1578)  (3571,1654)  (3499,1502)  (3575,1502)  (3578,1578)
Zakdok  (898,2354)  (822,2372)  (914,2278)  (974,2354)  (990,2262)  (1003,2430)  (1050,2338)  (1079,2414)
04 Sea Zone  (4008,1715)  (3932,1790)  (3932,1714)  (4083,1791)  (4008,1639)  (4084,1639)  (4084,1715)  (3930,1638)  (4007,1866)  (3931,1866)  (3856,1790)  (3856,1714)  (4159,1791)  (4159,1867)  (4083,1867)  (3855,1867)  (4006,1563)  (4082,1563)  (4158,1563)  (4160,1639)  (4160,1715)  (3854,1638)  (3854,1562)  (3930,1562)  (4234,1489)  (4007,1942)  (3931,1942)  (3780,1791)  (3780,1715)  (4235,1791)  (4235,1867)  (4235,1943)  (4159,1943)  (4083,1943)  (3855,1943)  (3779,1875)  (4006,1487)  (4082,1487)  (4158,1487)  (4236,1565)  (4236,1641)  (3778,1639)  (3778,1563)  (3778,1487)  (3854,1486)  (3930,1486)  (4234,1413)  (4310,1413)  (4310,1489)  (4007,2018)  (3931,2018)  (3704,1799)  (3704,1723)
18 Sea Zone  (674,4064)  (598,4139)  (749,4140)  (716,3988)  (750,4064)  (792,3946)  (663,4215)  (587,4215)  (522,4139)  (826,4022)  (826,4098)  (511,4226)  (768,3870)  (844,3870)  (868,3946)  (680,4291)  (604,4291)  (446,4150)  (902,4022)  (902,4098)  (528,4302)  (452,4302)  (435,4226)  (920,3818)  (944,3894)  (376,4335)  (716,4367)  (640,4367)  (978,3970)  (564,4378)  (488,4378)  (359,4259)  (924,3742)  (996,3818)  (1000,3738)  (763,4443)  (687,4443)  (611,4454)  (535,4454)  (1029,3662)  (1076,3738)  (1105,3633)  (837,4519)  (761,4519)  (685,4530)  (1140,3814)  (1025,3586)  (1152,3709)  (1161,3890)  (845,4595)  (1214,3966)
Parson  (3841,3061)  (3916,3137)  (3840,3137)  (3776,2985)  (3852,2985)  (3917,3061)  (3928,2974)  (3938,3213)  (3743,2909)  (3819,2909)  (3993,3050)  (3886,3289)  (3711,2833)
Taqiba  (3167,2051)  (3091,1989)  (3242,2127)  (3167,1975)  (3243,1991)  (3068,1913)
Anthe  (1121,3342)  (1167,3418)  (1082,3266)  (1158,3266)  (1197,3342)
Charro  (1853,1854)  (1929,1780)
Sunoa  (1459,4979)  (1383,5047)  (1534,5055)  (1388,4903)  (1464,4903)  (1535,4979)  (1540,4898)  (1610,5055)  (1578,5131)  (1502,5131)  (1419,4827)  (1611,4974)  (1616,4898)
Fabio  (3309,2287)  (3381,2363)  (3305,2363)  (3369,2211)  (3385,2287)  (3445,2201)
05 Sea Zone  (4077,2575)  (4001,2650)  (4001,2574)  (4152,2651)  (4077,2499)  (4153,2499)  (4153,2575)  (3999,2498)  (4076,2726)  (4000,2726)  (3925,2650)  (3925,2574)  (4228,2651)  (4228,2727)  (4152,2727)  (3924,2727)  (4075,2423)  (4151,2423)  (4227,2423)  (4229,2499)  (4229,2575)  (3923,2498)  (3923,2422)  (3999,2422)  (4303,2349)  (4076,2802)  (4000,2802)  (3849,2651)  (3849,2575)  (4304,2651)  (4304,2727)  (4304,2803)  (4228,2803)  (4152,2803)  (3924,2803)  (3848,2731)  (4075,2347)  (4151,2347)  (4227,2347)  (4305,2425)  (4305,2501)  (3847,2499)  (3847,2423)  (3847,2347)  (3923,2346)  (3999,2346)  (4303,2273)  (4076,2878)  (4322,2879)  (4246,2879)  (4170,2879)
Mambo  (1113,4933)  (1037,4984)  (1037,4908)  (1188,5009)  (1113,4857)  (1189,4857)  (1189,4933)  (1264,5009)  (1096,4781)  (1265,4811)  (1265,4887)
Rog  (2436,1816)  (2512,1768)  (2512,1844)
07 Sea Zone  (2983,4793)  (2907,4868)  (2907,4792)  (3058,4869)  (2983,4717)  (3059,4717)  (3059,4793)  (2905,4716)  (2982,4944)  (2906,4944)  (2831,4868)  (2831,4792)  (3134,4869)  (3134,4945)  (3058,4945)  (2830,4945)  (2981,4641)  (3057,4641)  (3133,4641)  (3135,4717)  (3135,4793)  (2829,4716)  (2829,4640)  (2905,4640)  (3209,4567)  (2982,5020)  (2906,5020)  (2755,4869)  (2755,4793)  (3210,4869)  (3210,4945)  (3210,5021)  (3134,5021)  (3058,5021)  (2830,5021)  (2754,5021)  (2754,4945)  (2981,4565)  (3057,4565)  (3133,4565)  (3211,4643)  (3211,4719)  (2753,4717)  (2753,4641)  (2753,4565)  (2829,4564)  (2905,4564)  (3209,4491)  (3285,4491)  (3285,4567)  (2982,5096)  (2906,5096)
Capcrun  (2154,1842)  (2229,1918)  (2155,1766)  (2230,1842)  (2306,1847)
Jasov  (3439,4046)  (3481,4122)  (3420,3970)  (3496,3970)  (3515,4046)
Kendric  (1108,3111)  (1168,3035)  (1184,3111)  (1244,2979)
Uberna  (2407,4097)  (2476,4173)  (2446,4021)  (2522,4001)  (2439,3945)
Gneis  (2095,1354)  (2170,1430)  (2094,1430)  (2046,1278)  (2122,1278)  (2171,1354)  (2198,1251)  (2246,1477)
Wertgol  (2665,3266)  (2589,3273)  (2740,3342)  (2741,3217)  (2816,3293)  (2892,3228)
Urko  (840,1661)  (915,1737)  (829,1585)  (905,1585)  (916,1661)
Theoro  (1996,2823)  (1940,2747)  (2072,2804)  (2148,2807)
Paldin  (1063,2915)  (1045,2991)  (1139,2851)  (1215,2837)
Altheri  (2381,2419)  (2305,2483)  (2457,2375)  (2533,2368)  (2609,2370)
Hepps  (1589,3092)  (1608,3168)  (1532,3168)  (1633,3016)  (1665,3092)  (1594,3244)  (1684,2940)
Hobbes  (1866,484)  (1909,560)  (1833,560)  (1879,408)  (1942,484)  (1955,395)  (1902,636)  (1826,636)  (1968,319)  (2031,395)  (1893,712)
11 Sea Zone  (140,1558)  (64,1633)  (64,1557)  (215,1634)  (140,1482)  (216,1482)  (216,1558)  (62,1481)  (139,1709)  (63,1709)  (291,1634)  (291,1710)  (215,1710)  (138,1406)  (214,1406)  (290,1406)  (292,1482)  (292,1558)  (1,1405)  (366,1332)  (139,1785)  (63,1785)  (367,1634)  (367,1710)  (367,1786)  (291,1786)  (215,1786)  (77,1330)  (153,1330)  (229,1330)  (368,1408)  (368,1484)  (1,1329)  (305,1256)  (381,1256)  (442,1332)  (139,1861)  (63,1861)  (443,1560)  (443,1636)  (443,1712)  (443,1788)  (367,1862)  (291,1862)  (215,1862)  (77,1254)  (153,1254)  (229,1254)  (444,1408)  (444,1484)  (1,1253)  (445,1864)
Pulica  (526,2690)  (450,2667)  (601,2766)  (525,2766)  (526,2614)  (602,2639)  (435,2591)  (678,2675)
Pugsik  (3000,3322)  (2924,3397)  (3075,3398)  (3041,3246)  (3076,3322)  (3117,3205)  (3152,3281)  (3152,3357)  (3130,3129)
Ogrem  (4074,3311)  (4141,3387)  (4054,3235)  (4190,3463)  (4199,3539)
Belk  (3848,4056)  (3923,4132)  (3780,3980)  (3924,4049)
Aoun  (1494,2160)  (1526,2236)  (1480,2084)  (1556,2084)  (1570,2160)  (1503,2312)
Yovsla  (822,2556)  (746,2593)  (897,2632)  (790,2480)  (898,2504)  (974,2535)
Kire  (2056,1075)  (1980,1133)  (1980,1057)  (2056,999)  (2132,999)  (2132,1075)  (2173,1151)  (2208,1053)  (2249,1129)
16 Sea Zone  (1971,3784)  (1895,3859)  (1895,3783)  (2046,3860)  (1971,3708)  (2047,3708)  (2047,3784)  (1893,3707)  (1970,3935)  (1894,3935)  (1819,3859)  (1819,3783)  (2122,3860)  (2122,3936)  (2046,3936)  (1818,3936)  (1983,3632)  (2059,3632)  (2123,3708)  (2123,3784)  (1817,3707)  (2135,3620)  (1970,4011)  (1743,3860)  (1743,3784)  (2198,3860)  (2198,3936)  (2125,4012)  (2049,4012)  (1742,3998)  (1999,3556)  (2199,3696)  (2199,3772)  (2075,3544)  (2151,3544)  (2211,3620)  (2227,3528)  (2264,4012)  (1667,3922)  (2274,3848)  (2274,3924)  (2094,4088)  (1666,4041)  (1971,3480)  (2275,3696)  (2275,3772)  (2047,3468)  (2123,3468)  (2287,3604)  (2199,3452)  (2275,3452)  (2303,3528)
Torona  (2079,3076)  (2011,3000)  (2087,3000)  (2155,3076)  (2172,3152)
Sziro  (2379,2034)  (2455,1968)  (2455,2044)
Bung  (312,4494)  (271,4418)  (388,4487)  (222,4342)  (258,4147)  (225,4071)  (167,3995)  (154,3919)
Gudkar  (1261,774)  (1336,850)  (1260,850)  (1209,698)  (1285,698)  (1337,774)  (1361,674)  (1412,850)  (1413,752)
Talibush  (3234,1453)  (3310,1407)  (3310,1483)  (3380,1331)  (3386,1407)  (3386,1483)
Diffsky  (1560,1429)  (1635,1505)  (1594,1353)  (1636,1429)  (1670,1350)  (1712,1426)
Peng  (351,3959)  (393,4035)  (293,3883)  (369,3883)  (427,3959)
Tiking  (682,3101)  (606,3176)  (757,3177)  (758,3050)  (834,3032)
Maher  (982,772)  (982,696)  (1058,696)  (1058,772)  (1074,848)
Kumiho  (493,3788)  (568,3864)  (421,3712)  (497,3712)  (569,3788)  (644,3864)  (602,3940)  (400,3636)
Pruss  (2615,3056)  (2572,2980)  (2648,2980)  (2691,3056)  (2762,3132)  (2542,2904)  (2539,2828)
08 Sea Zone  (2217,5053)  (2141,5128)  (2141,5052)  (2292,5129)  (2217,4977)  (2293,4977)  (2293,5053)  (2139,4976)  (2216,5204)  (2140,5204)  (2065,5128)  (2065,5052)  (2368,5129)  (2368,5205)  (2292,5205)  (2064,5205)  (2215,4901)  (2291,4901)  (2367,4901)  (2369,4977)  (2369,5053)  (2109,4900)  (2443,4827)  (2216,5280)  (2140,5280)  (1989,5129)  (2444,5129)  (2444,5205)  (2444,5281)  (2368,5281)  (2292,5281)  (2064,5281)  (1988,5281)  (1988,5205)  (2185,4825)  (2261,4825)  (2337,4825)  (2445,4903)  (2445,4979)  (2109,4824)  (2413,4751)  (2489,4751)  (2519,4827)  (2520,5055)  (2520,5131)  (2520,5207)  (2520,5283)  (1912,5322)  (1912,5246)  (2185,4749)  (2261,4749)  (2337,4749)  (2521,4903)  (2521,4979)
Eschelon  (4149,3914)  (4215,3990)  (4153,3838)  (4207,4066)  (4152,3762)
Genax  (3661,2199)  (3585,2200)  (3709,2275)  (3715,2123)  (3737,2199)  (3633,2276)  (3813,2193)
02 Sea Zone  (2414,175)  (2338,250)  (2338,174)  (2489,251)  (2414,99)  (2490,99)  (2490,175)  (2336,98)  (2413,326)  (2337,326)  (2262,250)  (2262,174)  (2565,251)  (2565,327)  (2489,327)  (2261,327)  (2412,23)  (2488,23)  (2564,23)  (2566,99)  (2566,175)  (2260,98)  (2260,22)  (2336,22)  (2640,1)  (2413,402)  (2337,402)  (2186,251)  (2186,175)  (2641,251)  (2641,327)  (2641,403)  (2565,403)  (2489,403)  (2261,403)  (2185,357)  (2642,77)  (2642,153)  (2184,99)  (2184,23)  (2185,477)  (2716,1)  (2413,478)  (2337,478)  (2110,192)  (2717,229)  (2717,305)  (2717,381)  (2717,457)  (2641,479)  (2565,479)  (2489,479)  (2261,479)
19 Sea Zone  (2923,4085)  (2847,4160)  (2847,4084)  (2998,4161)  (2923,4009)  (2999,4009)  (2999,4085)  (2922,4236)  (3074,4161)  (3074,4237)  (2998,4237)  (2933,3933)  (3009,3933)  (3075,4009)  (3075,4085)  (3085,3923)  (3150,4161)  (2947,3857)  (3151,4008)  (3151,4084)  (3023,3847)  (3099,3776)  (3019,3771)  (3048,3695)
Torimpa  (1845,1316)  (1920,1392)  (1800,1240)  (1876,1240)  (1921,1316)  (1952,1216)
Mozen  (2682,3920)  (2716,3996)  (2758,3856)  (2792,3932)
Omacus  (2199,4250)  (2225,4326)  (2188,4174)  (2275,4225)  (2351,4261)
20 Sea Zone  (3803,3581)  (3727,3656)  (3727,3580)  (3803,3505)  (3879,3505)  (3879,3581)  (3924,3657)  (3714,3732)  (3651,3656)  (3884,3429)  (3955,3505)  (3955,3581)  (3960,3424)  (4000,3657)  (3717,3808)  (4031,3500)  (4031,3576)  (4031,3733)  (3696,3884)
Bonga  (723,3600)  (647,3656)  (647,3580)  (798,3676)  (723,3524)  (799,3524)  (799,3600)  (835,3448)  (875,3524)  (875,3600)
Kilgor  (2664,1430)  (2739,1506)  (2662,1354)  (2738,1354)  (2740,1430)  (2694,1278)
Sieg  (1458,502)  (1382,558)  (1456,426)  (1534,446)  (1534,522)  (1610,474)  (1610,550)  (1686,507)
Foosmig  (2356,2684)  (2427,2760)  (2351,2760)  (2309,2608)  (2385,2608)  (2432,2684)
Moore  (2312,2903)  (2388,2880)  (2394,2956)
Dansla  (849,2064)  (924,2140)  (848,2140)  (837,1988)  (925,2022)  (1000,2145)  (859,1912)
Endrik  (1553,746)  (1628,822)  (1552,822)  (1492,670)  (1568,670)  (1629,746)  (1644,655)  (1579,898)
Rajwar  (3317,3223)  (3257,3147)  (3333,3147)  (3393,3223)  (3469,3200)  (3469,3276)  (3545,3255)
Drocke  (3184,1172)  (3259,1248)  (3183,1248)  (3139,1096)  (3215,1096)  (3260,1172)  (3291,1095)  (3234,1324)  (3140,1020)  (3336,1171)  (3216,1019)
Rouble  (3436,3435)  (3360,3486)  (3360,3410)  (3511,3511)  (3512,3367)  (3284,3418)  (3587,3443)  (3587,3519)  (3588,3367)  (3664,3365)  (3664,3441)  (3740,3362)
Alzalom  (3262,4315)  (3278,4239)  (3338,4315)  (3354,4391)  (3426,4467)
Jopa  (2888,2038)  (2812,2113)  (2963,2114)  (2874,1962)  (2950,1962)  (2964,2038)
Quidda  (1553,4287)  (1477,4361)  (1629,4259)  (1689,4183)  (1765,4127)
Firehawk  (2125,2033)  (2049,1980)  (2186,2109)
Subotai  (483,3380)  (407,3455)  (558,3456)  (531,3304)  (559,3380)  (607,3286)  (482,3531)  (635,3362)  (683,3280)  (711,3356)  (759,3268)  (787,3344)
Psion  (1040,1357)  (1115,1433)  (1039,1433)  (1006,1281)  (1082,1281)  (1116,1357)  (1158,1269)  (1071,1509)  (1192,1345)
Veqryn  (1576,2398)  (1600,2322)  (1652,2398)
Swobo  (952,4519)  (1027,4595)  (951,4595)  (924,4443)  (848,4368)  (1041,4671)  (965,4671)  (924,4367)  (798,4292)  (972,4747)  (874,4291)
06 Sea Zone  (3880,4756)  (3804,4831)  (3804,4755)  (3955,4832)  (3880,4680)  (3956,4680)  (3956,4756)  (3802,4679)  (3879,4907)  (3803,4907)  (3728,4831)  (3728,4755)  (4031,4832)  (4031,4908)  (3955,4908)  (3727,4908)  (3878,4604)  (3954,4604)  (4030,4604)  (4032,4680)  (4032,4756)  (3726,4679)  (3726,4603)  (3802,4603)  (4106,4530)  (3879,4983)  (3803,4983)  (3652,4832)  (3652,4756)  (4107,4832)  (4107,4908)  (4107,4984)  (4031,4984)  (3955,4984)  (3727,4984)  (3651,4984)  (3651,4908)  (3878,4528)  (3954,4528)  (4030,4528)  (4108,4606)  (4108,4682)  (3650,4680)  (3650,4604)  (3650,4528)  (3726,4527)  (3802,4527)  (4106,4454)  (4182,4454)  (4182,4530)  (3879,5059)  (3803,5059)  (3576,4832)  (3576,4756)
Vork  (4050,4123)  (4077,4199)  (4042,4047)  (4058,4275)
Rizzly  (1184,1107)  (1259,1183)  (1142,1031)  (1218,1031)  (1260,1107)  (1294,1012)  (1335,1224)  (1115,955)  (1191,955)  (1376,1300)
Orsa  (493,2235)  (417,2274)  (506,2159)  (569,2235)  (637,2311)  (713,2265)
Vander  (1373,2953)  (1449,2911)  (1525,2905)
Childar  (2597,4201)  (2672,4277)  (2563,4125)  (2639,4125)  (2673,4201)  (2749,4228)
Infroma  (3489,2674)  (3413,2704)  (3556,2598)  (3565,2674)  (3632,2531)  (3337,2701)  (3641,2607)  (3641,2683)  (3624,2455)  (3717,2605)  (3717,2681)
Duarch  (1350,3228)  (1407,3304)  (1338,3152)  (1414,3152)  (1426,3228)
09 Sea Zone  (305,5011)  (229,5086)  (229,5010)  (380,5087)  (305,4935)  (381,4935)  (381,5011)  (227,4934)  (304,5162)  (228,5162)  (153,5086)  (153,5010)  (456,5087)  (456,5163)  (380,5163)  (152,5163)  (303,4859)  (379,4859)  (455,4859)  (457,4935)  (457,5011)  (151,4934)  (151,4858)  (227,4858)  (531,4785)  (304,5238)  (228,5238)  (77,5087)  (77,5011)  (532,5087)  (532,5163)  (532,5239)  (456,5239)  (380,5239)  (152,5239)  (76,5239)  (76,5163)  (303,4783)  (379,4783)  (455,4783)  (533,4861)  (533,4937)  (75,4935)  (75,4859)  (75,4783)  (151,4782)  (227,4782)  (531,4709)  (607,4709)  (607,4785)  (304,5314)  (228,5314)  (1,5087)  (1,5011)
Wilfree  (1524,3587)  (1448,3662)  (1600,3518)  (1600,3594)  (1676,3566)
Bridges  (1728,2621)  (1797,2697)  (1718,2545)  (1794,2545)  (1804,2621)
Rolflar  (2922,1482)  (2846,1557)  (2846,1481)  (2997,1558)  (2922,1406)  (2998,1406)  (2998,1482)  (2845,1405)  (3074,1373)  (3074,1449)  (3074,1525)  (2845,1329)
Zunrath  (1599,2793)  (1675,2759)
Thetin  (2317,3290)  (2393,3253)  (2424,3177)  (2452,3101)
Bluon  (1809,4984)  (1857,5060)  (1781,5060)  (1815,4908)  (1885,4984)  (1891,4902)  (1705,5118)  (1829,5136)  (1864,4826)  (1940,4826)  (1967,4902)  (1753,5194)
Wisco  (1966,3187)  (1890,3117)  (2042,3186)  (1888,3041)  (1920,2965)
01 Sea Zone  (473,367)  (397,442)  (397,366)  (548,443)  (473,291)  (549,291)  (549,367)  (395,290)  (472,518)  (396,518)  (321,442)  (321,366)  (624,443)  (624,519)  (548,519)  (320,519)  (471,215)  (547,215)  (623,215)  (625,291)  (625,367)  (319,290)  (319,214)  (395,214)  (699,141)  (472,594)  (396,594)  (245,443)  (245,367)  (700,443)  (700,519)  (700,595)  (624,595)  (548,595)  (320,595)  (244,595)  (244,519)  (471,139)  (547,139)  (623,139)  (701,217)  (701,293)  (243,291)  (243,215)  (243,139)  (319,138)  (395,138)  (699,65)  (775,65)  (775,141)  (472,670)  (396,670)  (169,443)  (169,367)
Frizelot  (2062,2646)  (2138,2588)  (2138,2664)  (2214,2718)
10 Sea Zone  (91,2969)  (15,3044)  (15,2968)  (166,3045)  (91,2893)  (167,2893)  (167,2969)  (13,2892)  (90,3120)  (14,3120)  (242,3045)  (242,3121)  (166,3121)  (89,2817)  (165,2817)  (241,2817)  (243,2893)  (243,2969)  (1,2816)  (317,2743)  (90,3196)  (14,3196)  (318,3045)  (318,3121)  (318,3197)  (242,3197)  (166,3197)  (77,2741)  (153,2741)  (229,2741)  (319,2819)  (319,2895)  (1,2740)  (305,2667)  (90,3272)  (14,3272)  (394,2971)  (394,3047)  (394,3123)  (394,3199)  (318,3273)  (242,3273)  (166,3273)  (77,2665)  (153,2665)  (229,2665)  (395,2877)  (1,2664)  (305,2591)  (90,3348)  (14,3348)
Rayma  (1467,2590)  (1391,2593)  (1543,2560)  (1594,2636)
Ezell  (788,2762)  (864,2739)  (864,2815)
Yeklef  (1059,2661)  (1131,2737)  (1055,2737)  (1079,2585)  (1135,2661)  (1155,2576)
Snaknar  (2889,2299)  (2965,2245)  (2965,2321)
13 Sea Zone  (2399,1599)  (2323,1674)  (2323,1598)  (2401,1675)  (2475,1557)  (2549,1633)  (2247,1670)  (2247,1594)  (2551,1526)  (2615,1709)  (2625,1615)  (2651,1785)  (2663,1861)  (2691,1691)  (2727,1767)  (2736,1937)  (2660,1937)  (2739,1843)  (2767,1685)  (2803,1761)  (2712,2013)  (2636,2013)  (2687,2089)  (2684,2165)  (2484,2196)  (2608,2220)  (2687,2241)  (2532,2272)  (2456,2272)
Jundri  (1294,2256)  (1369,2332)  (1287,2180)  (1363,2125)  (1401,2408)
Thegorod  (2458,1098)  (2382,1173)  (2382,1097)  (2474,1174)  (2528,1022)  (2534,1098)  (2604,965)  (2610,1041)  (2610,1117)  (2686,1038)
Uskermik  (2748,2790)  (2672,2793)  (2823,2866)  (2780,2714)  (2824,2790)  (2747,2869)  (2856,2690)  (2899,2866)  (2900,2766)  (2932,2665)  (2976,2741)
Voncris  (3100,2672)  (3127,2748)  (3037,2596)  (2961,2569)  (2960,2493)
Uboa  (1660,4722)  (1735,4798)  (1696,4646)  (1736,4722)  (1772,4644)  (1698,4568)  (1679,4492)  (1653,4416)
03 Sea Zone  (3657,482)  (3581,557)  (3581,481)  (3732,558)  (3657,406)  (3733,406)  (3733,482)  (3579,405)  (3656,633)  (3580,633)  (3505,557)  (3505,481)  (3808,558)  (3808,634)  (3732,634)  (3504,634)  (3655,330)  (3731,330)  (3807,330)  (3809,406)  (3809,482)  (3503,405)  (3503,329)  (3579,329)  (3883,256)  (3656,709)  (3580,709)  (3429,558)  (3429,482)  (3884,558)  (3884,634)  (3884,710)  (3808,710)  (3732,710)  (3504,710)  (3428,710)  (3428,634)  (3655,254)  (3731,254)  (3807,254)  (3885,332)  (3885,408)  (3427,406)  (3427,330)  (3427,254)  (3503,253)  (3579,253)  (3883,180)  (3959,180)  (3959,256)  (3656,785)  (3580,785)  (3353,558)  (3353,482)
Lefinz  (1026,1924)  (1092,2000)  (1016,2000)  (995,1848)  (1071,1848)  (1102,1924)
Lapaloo  (1141,4257)  (1065,4300)  (1065,4224)  (1216,4333)  (1141,4181)  (1035,4148)  (1292,4398)  (1216,4409)  (1111,4105)  (1094,4029)
Sumpton  (2760,2454)  (2835,2530)  (2736,2378)  (2836,2436)
Tyrson  (1341,3477)  (1265,3552)  (1417,3412)  (1417,3488)  (1493,3392)  (1569,3345)
Argram  (1326,2748)  (1275,2672)  (1402,2689)  (1402,2765)
Seidelin  (2377,1365)  (2443,1441)  (2367,1441)  (2343,1289)  (2419,1289)  (2453,1365)  (2495,1261)  (2529,1337)  (2571,1234)
17 Sea Zone  (940,3400)  (982,3476)  (923,3324)  (901,3248)  (905,3172)
12 Sea Zone  (1787,1604)  (1711,1679)  (1852,1680)  (1837,1528)  (1863,1604)  (1776,1755)  (1700,1755)  (1939,1569)  (1624,1766)  (2003,1645)  (1720,1831)  (1644,1842)  (1568,1862)  (2079,1576)  (2079,1652)  (1658,1918)  (1582,1938)  (1506,1944)
Miccal  (2262,3075)  (2315,3151)
Raelis  (1115,2223)  (1187,2299)  (1191,2183)  (1226,2375)  (1270,2451)
Conmor  (1770,958)  (1845,1034)  (1769,1034)  (1767,882)  (1843,882)  (1846,958)  (1919,866)  (1800,1110)  (1922,942)
Dima  (2686,823)  (2761,899)  (2669,747)  (2745,747)  (2762,823)  (2821,745)  (2837,899)  (2838,821)
Belee  (1230,1576)  (1154,1651)  (1235,1652)  (1255,1500)  (1306,1576)  (1331,1475)  (1078,1683)  (1382,1551)  (1458,1549)  (1521,1625)
Derfrik  (3540,2027)  (3464,2061)  (3545,1951)  (3616,2027)  (3621,1946)  (3697,1967)
Bas  (1565,305)  (1489,315)  (1516,229)  (1592,229)  (1641,305)  (1649,381)  (1725,368)
Ovlor  (2607,3526)  (2531,3458)  (2682,3602)  (2606,3602)  (2607,3450)  (2683,3450)  (2683,3526)  (2465,3382)  (2541,3374)  (2759,3482)  (2759,3558)  (2835,3521)
Demgo  (1738,2240)  (1813,2316)  (1718,2164)  (1814,2192)  (1824,2392)
Robinoff  (2872,1148)  (2796,1185)  (2796,1109)  (2947,1224)  (2872,1072)  (2948,1072)  (2948,1148)  (3023,1224)  (3024,1033)  (3024,1109)
Wirkey  (1474,1127)  (1398,1142)  (1398,1066)  (1549,1203)  (1474,1051)  (1550,1051)  (1550,1127)  (1625,1203)
Cleistine  (3221,3887)  (3296,3963)  (3201,3811)  (3277,3811)  (3297,3887)  (3330,4039)
Ajmdemen  (3856,3850)  (3931,3926)  (3821,3774)  (3932,3807)
14 Sea Zone  (2000,2360)  (2075,2436)  (1999,2436)  (1949,2284)  (2025,2284)  (2076,2360)  (1923,2449)  (2038,2512)  (1946,2208)  (2022,2208)  (2152,2327)  (2152,2403)  (1962,2525)  (2220,2246)  (1930,2132)  (2006,2132)  (2228,2322)  (1853,2088)  (1777,2064)  (2296,2189)  (1929,2056)  (2304,2265)  (1701,2023)  (1853,2012)
21 Sea Zone  (1233,4614)  (1157,4674)  (1157,4598)  (1308,4690)  (1309,4573)  (1140,4522)  (1384,4649)  (1385,4531)  (1460,4607)  (1460,4683)  (1461,4464)  (1536,4540)  (1537,4455)
Zhuk  (638,2000)  (713,2076)  (637,2076)  (656,1924)  (714,2000)  (732,1906)  (702,2152)  (757,1830)
Taclau  (3100,2414)  (3175,2490)  (3120,2338)  (3176,2414)  (3195,2566)  (3111,2262)  (3187,2262)
Weigo  (2894,3044)  (2969,3120)  (2893,3120)  (2948,2968)  (2970,3044)  (3046,3027)
Hosh  (3242,2883)  (3166,2958)  (3313,2959)  (3218,2807)  (3294,2807)  (3318,2883)  (3370,2784)  (3394,2860)  (3470,2788)  (3470,2864)  (3546,2788)
Daral  (3020,1710)  (2944,1785)  (3060,1786)  (3096,1649)  (3172,1631)  (3248,1617)  (3324,1629)
Guderin  (2569,2587)  (2645,2529)  (2645,2605)  (2721,2598)
Jelco  (2483,3759)  (2558,3835)  (2460,3683)  (2559,3759)  (2450,3607)
Darune  (3551,3075)  (3475,3065)  (3626,3151)  (3551,2999)  (3627,2999)  (3627,3075)  (3702,3151)  (3702,3227)  (3604,2923)
Xygerma  (3432,3717)  (3356,3700)  (3507,3793)  (3431,3793)  (3452,3641)  (3508,3717)  (3528,3635)
Rea  (3274,1834)  (3198,1836)  (3349,1910)  (3258,1758)  (3350,1760)  (3425,1836)  (3426,1743)
Douresh  (2754,3715)  (2830,3660)  (2830,3736)  (2906,3647)
Aibox  (50,170)  (200,170)  (350,170)  (500,170)  (650,170)  (50,320)  (200,320)  (350,320)  (500,320)  (650,320)  (50,470)  (200,470)  (350,470)  (500,470)  (650,470)  (50,620)  (200,620)  (350,620)  (500,620)  (650,620) (50,770)  (200,770)  (350,770)  (500,770)  (50,920) 
Tanbox  (4338,5357)
Brownbox  (4348,5357)
Redbox  (4338,5337)
Orangebox  (4348,5337)
Yellowbox  (4358,5337)
Greenbox  (4338,5347)
Bluebox  (4348,5347)
Purplebox  (4358,5347)